600
   1   12      0     10   30
   1   22      0    143   30
   2    4      0    136   30
   2   21      0    167   30
   3    8      0    130   30
   3   10      0    152   30
   4    2      0    136   30
   4   21      0     31   30
   5   23      0    170   30
   5   25      0    263   30
   6   23      0    210   30
   6   25      0    252   30
   7   15      0     14   30
   7   20      0     94   30
   8    3      0    130   30
   8   10      0    148   30
   9   17      0     94   30
   9   19      0     22   30
  10    3      0    152   30
  10    8      0    148   30
  11    9      0    130   30
  11   17      0     36   30
  12    1      0     10   30
  12   22      0    152   30
  13   14      0     28   30
  13   18      0     92   30
  14   13      0     28   30
  14   18      0    120   30
  15    7      0     14   30
  15   20      0    101   30
  16   11      0    170   30
  16   29      0    108   30
  17    9      0     94   30
  17   11      0     36   30
  18   13      0     92   30
  18   14      0    120   30
  19    9      0     22   30
  19   17      0    116   30
  20    7      0     94   30
  20   30      0     80   30
  21    2      0    167   30
  21    4      0     31   30
  22    1      0    143   30
  22   25      0     20   30
  23    5      0    170   30
  23    6      0    210   30
  24   10      0    181   30
  24   27      0     22   30
  25    1      0    162   30
  25   22      0     20   30
  26   16      0    222   30
  26   29      0    170   30
  27   10      0    162   30
  27   24      0     22   30
  28    3      0    237   30
  28    8      0    230   30
  29   11      0    138   30
  29   16      0    108   30
  30   15      0    141   30
  30   20      0     80   30
   1   12    144    154   30
   1   22    144    287   30
   2    4    144    280   30
   2   21    144    311   30
   3    8    144    274   30
   3   10    144    296   30
   4    2    144    280   30
   4   21    144    175   30
   5   23    144    314   30
   5   25    144    407   30
   6   23    144    354   30
   6   25    144    396   30
   7   15    144    158   30
   7   20    144    238   30
   8    3    144    274   30
   8   10    144    292   30
   9   17    144    238   30
   9   19    144    166   30
  10    3    144    296   30
  10    8    144    292   30
  11    9    144    274   30
  11   17    144    180   30
  12    1    144    154   30
  12   22    144    296   30
  13   14    144    172   30
  13   18    144    236   30
  14   13    144    172   30
  14   18    144    264   30
  15    7    144    158   30
  15   20    144    245   30
  16   11    144    314   30
  16   29    144    252   30
  17    9    144    238   30
  17   11    144    180   30
  18   13    144    236   30
  18   14    144    264   30
  19    9    144    166   30
  19   17    144    260   30
  20    7    144    238   30
  20   30    144    224   30
  21    2    144    311   30
  21    4    144    175   30
  22    1    144    287   30
  22   25    144    164   30
  23    5    144    314   30
  23    6    144    354   30
  24   10    144    325   30
  24   27    144    166   30
  25    1    144    306   30
  25   22    144    164   30
  26   16    144    366   30
  26   29    144    314   30
  27   10    144    306   30
  27   24    144    166   30
  28    3    144    381   30
  28    8    144    374   30
  29   11    144    282   30
  29   16    144    252   30
  30   15    144    285   30
  30   20    144    224   30
   1   12    288    298   30
   1   22    288    431   30
   2    4    288    424   30
   2   21    288    455   30
   3    8    288    418   30
   3   10    288    440   30
   4    2    288    424   30
   4   21    288    319   30
   5   23    288    458   30
   5   25    288    551   30
   6   23    288    498   30
   6   25    288    540   30
   7   15    288    302   30
   7   20    288    382   30
   8    3    288    418   30
   8   10    288    436   30
   9   17    288    382   30
   9   19    288    310   30
  10    3    288    440   30
  10    8    288    436   30
  11    9    288    418   30
  11   17    288    324   30
  12    1    288    298   30
  12   22    288    440   30
  13   14    288    316   30
  13   18    288    380   30
  14   13    288    316   30
  14   18    288    408   30
  15    7    288    302   30
  15   20    288    389   30
  16   11    288    458   30
  16   29    288    396   30
  17    9    288    382   30
  17   11    288    324   30
  18   13    288    380   30
  18   14    288    408   30
  19    9    288    310   30
  19   17    288    404   30
  20    7    288    382   30
  20   30    288    368   30
  21    2    288    455   30
  21    4    288    319   30
  22    1    288    431   30
  22   25    288    308   30
  23    5    288    458   30
  23    6    288    498   30
  24   10    288    469   30
  24   27    288    310   30
  25    1    288    450   30
  25   22    288    308   30
  26   16    288    510   30
  26   29    288    458   30
  27   10    288    450   30
  27   24    288    310   30
  28    3    288    525   30
  28    8    288    518   30
  29   11    288    426   30
  29   16    288    396   30
  30   15    288    429   30
  30   20    288    368   30
   1   12    432    442   30
   1   22    432    575   30
   2    4    432    568   30
   2   21    432    599   30
   3    8    432    562   30
   3   10    432    584   30
   4    2    432    568   30
   4   21    432    463   30
   5   23    432    602   30
   5   25    432    695   30
   6   23    432    642   30
   6   25    432    684   30
   7   15    432    446   30
   7   20    432    526   30
   8    3    432    562   30
   8   10    432    580   30
   9   17    432    526   30
   9   19    432    454   30
  10    3    432    584   30
  10    8    432    580   30
  11    9    432    562   30
  11   17    432    468   30
  12    1    432    442   30
  12   22    432    584   30
  13   14    432    460   30
  13   18    432    524   30
  14   13    432    460   30
  14   18    432    552   30
  15    7    432    446   30
  15   20    432    533   30
  16   11    432    602   30
  16   29    432    540   30
  17    9    432    526   30
  17   11    432    468   30
  18   13    432    524   30
  18   14    432    552   30
  19    9    432    454   30
  19   17    432    548   30
  20    7    432    526   30
  20   30    432    512   30
  21    2    432    599   30
  21    4    432    463   30
  22    1    432    575   30
  22   25    432    452   30
  23    5    432    602   30
  23    6    432    642   30
  24   10    432    613   30
  24   27    432    454   30
  25    1    432    594   30
  25   22    432    452   30
  26   16    432    654   30
  26   29    432    602   30
  27   10    432    594   30
  27   24    432    454   30
  28    3    432    669   30
  28    8    432    662   30
  29   11    432    570   30
  29   16    432    540   30
  30   15    432    573   30
  30   20    432    512   30
   1   12    576    586   30
   1   22    576    719   30
   2    4    576    712   30
   2   21    576    743   30
   3    8    576    706   30
   3   10    576    728   30
   4    2    576    712   30
   4   21    576    607   30
   5   23    576    746   30
   5   25    576    839   30
   6   23    576    786   30
   6   25    576    828   30
   7   15    576    590   30
   7   20    576    670   30
   8    3    576    706   30
   8   10    576    724   30
   9   17    576    670   30
   9   19    576    598   30
  10    3    576    728   30
  10    8    576    724   30
  11    9    576    706   30
  11   17    576    612   30
  12    1    576    586   30
  12   22    576    728   30
  13   14    576    604   30
  13   18    576    668   30
  14   13    576    604   30
  14   18    576    696   30
  15    7    576    590   30
  15   20    576    677   30
  16   11    576    746   30
  16   29    576    684   30
  17    9    576    670   30
  17   11    576    612   30
  18   13    576    668   30
  18   14    576    696   30
  19    9    576    598   30
  19   17    576    692   30
  20    7    576    670   30
  20   30    576    656   30
  21    2    576    743   30
  21    4    576    607   30
  22    1    576    719   30
  22   25    576    596   30
  23    5    576    746   30
  23    6    576    786   30
  24   10    576    757   30
  24   27    576    598   30
  25    1    576    738   30
  25   22    576    596   30
  26   16    576    798   30
  26   29    576    746   30
  27   10    576    738   30
  27   24    576    598   30
  28    3    576    813   30
  28    8    576    806   30
  29   11    576    714   30
  29   16    576    684   30
  30   15    576    717   30
  30   20    576    656   30
   1   12    720    730   30
   1   22    720    863   30
   2    4    720    856   30
   2   21    720    887   30
   3    8    720    850   30
   3   10    720    872   30
   4    2    720    856   30
   4   21    720    751   30
   5   23    720    890   30
   5   25    720    983   30
   6   23    720    930   30
   6   25    720    972   30
   7   15    720    734   30
   7   20    720    814   30
   8    3    720    850   30
   8   10    720    868   30
   9   17    720    814   30
   9   19    720    742   30
  10    3    720    872   30
  10    8    720    868   30
  11    9    720    850   30
  11   17    720    756   30
  12    1    720    730   30
  12   22    720    872   30
  13   14    720    748   30
  13   18    720    812   30
  14   13    720    748   30
  14   18    720    840   30
  15    7    720    734   30
  15   20    720    821   30
  16   11    720    890   30
  16   29    720    828   30
  17    9    720    814   30
  17   11    720    756   30
  18   13    720    812   30
  18   14    720    840   30
  19    9    720    742   30
  19   17    720    836   30
  20    7    720    814   30
  20   30    720    800   30
  21    2    720    887   30
  21    4    720    751   30
  22    1    720    863   30
  22   25    720    740   30
  23    5    720    890   30
  23    6    720    930   30
  24   10    720    901   30
  24   27    720    742   30
  25    1    720    882   30
  25   22    720    740   30
  26   16    720    942   30
  26   29    720    890   30
  27   10    720    882   30
  27   24    720    742   30
  28    3    720    957   30
  28    8    720    950   30
  29   11    720    858   30
  29   16    720    828   30
  30   15    720    861   30
  30   20    720    800   30
   1   12    864    874   30
   1   22    864   1007   30
   2    4    864   1000   30
   2   21    864   1031   30
   3    8    864    994   30
   3   10    864   1016   30
   4    2    864   1000   30
   4   21    864    895   30
   5   23    864   1034   30
   5   25    864   1127   30
   6   23    864   1074   30
   6   25    864   1116   30
   7   15    864    878   30
   7   20    864    958   30
   8    3    864    994   30
   8   10    864   1012   30
   9   17    864    958   30
   9   19    864    886   30
  10    3    864   1016   30
  10    8    864   1012   30
  11    9    864    994   30
  11   17    864    900   30
  12    1    864    874   30
  12   22    864   1016   30
  13   14    864    892   30
  13   18    864    956   30
  14   13    864    892   30
  14   18    864    984   30
  15    7    864    878   30
  15   20    864    965   30
  16   11    864   1034   30
  16   29    864    972   30
  17    9    864    958   30
  17   11    864    900   30
  18   13    864    956   30
  18   14    864    984   30
  19    9    864    886   30
  19   17    864    980   30
  20    7    864    958   30
  20   30    864    944   30
  21    2    864   1031   30
  21    4    864    895   30
  22    1    864   1007   30
  22   25    864    884   30
  23    5    864   1034   30
  23    6    864   1074   30
  24   10    864   1045   30
  24   27    864    886   30
  25    1    864   1026   30
  25   22    864    884   30
  26   16    864   1086   30
  26   29    864   1034   30
  27   10    864   1026   30
  27   24    864    886   30
  28    3    864   1101   30
  28    8    864   1094   30
  29   11    864   1002   30
  29   16    864    972   30
  30   15    864   1005   30
  30   20    864    944   30
   1   12   1008   1018   30
   1   22   1008   1151   30
   2    4   1008   1144   30
   2   21   1008   1175   30
   3    8   1008   1138   30
   3   10   1008   1160   30
   4    2   1008   1144   30
   4   21   1008   1039   30
   5   23   1008   1178   30
   5   25   1008   1271   30
   6   23   1008   1218   30
   6   25   1008   1260   30
   7   15   1008   1022   30
   7   20   1008   1102   30
   8    3   1008   1138   30
   8   10   1008   1156   30
   9   17   1008   1102   30
   9   19   1008   1030   30
  10    3   1008   1160   30
  10    8   1008   1156   30
  11    9   1008   1138   30
  11   17   1008   1044   30
  12    1   1008   1018   30
  12   22   1008   1160   30
  13   14   1008   1036   30
  13   18   1008   1100   30
  14   13   1008   1036   30
  14   18   1008   1128   30
  15    7   1008   1022   30
  15   20   1008   1109   30
  16   11   1008   1178   30
  16   29   1008   1116   30
  17    9   1008   1102   30
  17   11   1008   1044   30
  18   13   1008   1100   30
  18   14   1008   1128   30
  19    9   1008   1030   30
  19   17   1008   1124   30
  20    7   1008   1102   30
  20   30   1008   1088   30
  21    2   1008   1175   30
  21    4   1008   1039   30
  22    1   1008   1151   30
  22   25   1008   1028   30
  23    5   1008   1178   30
  23    6   1008   1218   30
  24   10   1008   1189   30
  24   27   1008   1030   30
  25    1   1008   1170   30
  25   22   1008   1028   30
  26   16   1008   1230   30
  26   29   1008   1178   30
  27   10   1008   1170   30
  27   24   1008   1030   30
  28    3   1008   1245   30
  28    8   1008   1238   30
  29   11   1008   1146   30
  29   16   1008   1116   30
  30   15   1008   1149   30
  30   20   1008   1088   30
   1   12   1152   1162   30
   1   22   1152   1295   30
   2    4   1152   1288   30
   2   21   1152   1319   30
   3    8   1152   1282   30
   3   10   1152   1304   30
   4    2   1152   1288   30
   4   21   1152   1183   30
   5   23   1152   1322   30
   5   25   1152   1415   30
   6   23   1152   1362   30
   6   25   1152   1404   30
   7   15   1152   1166   30
   7   20   1152   1246   30
   8    3   1152   1282   30
   8   10   1152   1300   30
   9   17   1152   1246   30
   9   19   1152   1174   30
  10    3   1152   1304   30
  10    8   1152   1300   30
  11    9   1152   1282   30
  11   17   1152   1188   30
  12    1   1152   1162   30
  12   22   1152   1304   30
  13   14   1152   1180   30
  13   18   1152   1244   30
  14   13   1152   1180   30
  14   18   1152   1272   30
  15    7   1152   1166   30
  15   20   1152   1253   30
  16   11   1152   1322   30
  16   29   1152   1260   30
  17    9   1152   1246   30
  17   11   1152   1188   30
  18   13   1152   1244   30
  18   14   1152   1272   30
  19    9   1152   1174   30
  19   17   1152   1268   30
  20    7   1152   1246   30
  20   30   1152   1232   30
  21    2   1152   1319   30
  21    4   1152   1183   30
  22    1   1152   1295   30
  22   25   1152   1172   30
  23    5   1152   1322   30
  23    6   1152   1362   30
  24   10   1152   1333   30
  24   27   1152   1174   30
  25    1   1152   1314   30
  25   22   1152   1172   30
  26   16   1152   1374   30
  26   29   1152   1322   30
  27   10   1152   1314   30
  27   24   1152   1174   30
  28    3   1152   1389   30
  28    8   1152   1382   30
  29   11   1152   1290   30
  29   16   1152   1260   30
  30   15   1152   1293   30
  30   20   1152   1232   30
   1   12   1296   1306   30
   1   22   1296   1439   30
   2    4   1296   1432   30
   2   21   1296   1463   30
   3    8   1296   1426   30
   3   10   1296   1448   30
   4    2   1296   1432   30
   4   21   1296   1327   30
   5   23   1296   1466   30
   5   25   1296   1559   30
   6   23   1296   1506   30
   6   25   1296   1548   30
   7   15   1296   1310   30
   7   20   1296   1390   30
   8    3   1296   1426   30
   8   10   1296   1444   30
   9   17   1296   1390   30
   9   19   1296   1318   30
  10    3   1296   1448   30
  10    8   1296   1444   30
  11    9   1296   1426   30
  11   17   1296   1332   30
  12    1   1296   1306   30
  12   22   1296   1448   30
  13   14   1296   1324   30
  13   18   1296   1388   30
  14   13   1296   1324   30
  14   18   1296   1416   30
  15    7   1296   1310   30
  15   20   1296   1397   30
  16   11   1296   1466   30
  16   29   1296   1404   30
  17    9   1296   1390   30
  17   11   1296   1332   30
  18   13   1296   1388   30
  18   14   1296   1416   30
  19    9   1296   1318   30
  19   17   1296   1412   30
  20    7   1296   1390   30
  20   30   1296   1376   30
  21    2   1296   1463   30
  21    4   1296   1327   30
  22    1   1296   1439   30
  22   25   1296   1316   30
  23    5   1296   1466   30
  23    6   1296   1506   30
  24   10   1296   1477   30
  24   27   1296   1318   30
  25    1   1296   1458   30
  25   22   1296   1316   30
  26   16   1296   1518   30
  26   29   1296   1466   30
  27   10   1296   1458   30
  27   24   1296   1318   30
  28    3   1296   1533   30
  28    8   1296   1526   30
  29   11   1296   1434   30
  29   16   1296   1404   30
  30   15   1296   1437   30
  30   20   1296   1376   30

849
    4    2    145   1385    6
   28    3    261    951    9
    6    1    211    932    7
   21    2    243    969    8
    1   12    200   1069    9
   24    3    551   1421    7
   17    9    120   1421    7
   22    1    367   1262    5
   29    9    434   1384    6
   29    9    121    900    9
    4    2    403    816    7
    2    4    496   1234    5
   23    1    159   1229    5
   28    3    340    786    9
   22    1    157   1336    4
    4    2    436   1247    4
   11    9    215    945    6
   22    1    151    890    4
   20    7    350    762    7
   12    1    596   1384    9
   25    1     51   1145    8
   18   13    490   1105    9
   22    1    463   1098    6
   13   14    617    803    4
    1   12    714    973    4
   16    9    555   1285    7
   20    7    299   1242    7
   26    9    452   1363    8
   11    9    455    954    8
   22    1      3    739    7
    9   11    233   1196    4
   26    9    606   1318    8
   17    9    416   1396    9
    4    2    316   1025    6
   28    3    687    983    5
   20    7    107    765    4
   28    3    109   1110    7
    6    1     38    847    9
    4    2     54    893    9
   16    9    232   1365    7
    9   11     64   1334    8
    4    2    358   1417    4
    7   15     57   1062    7
   23    1    190   1189    5
   27    3     26    762    4
    2    4    568    921    9
    2    4    313   1080    6
    7   15    287   1097    7
   20    7    336   1119    7
   18   13    674   1330    4
   20    7    109    920    6
   19    9    190    902    9
   20    7    330   1026    5
   23    1    241   1317    6
    7   15    273    842    6
   24    3    526   1287    9
   22    1    498    988    9
    1   12    371   1254    6
    9   11    586   1002    4
   22    1    293   1122    4
   26    9    458   1447    7
   24    3    557   1119    8
    1   12    276    730    6
   11    9    681   1192    4
    7   15     31    893    9
   25    1    632    935    4
   24    3    630   1263    4
   24    3    593   1406    8
   12    1    137    931    7
   21    2    317   1378    5
   20    7    171    942    6
    7   15    536   1210    5
   14   13    258    957    4
    8    3    100   1188    9
   21    2    186    957    9
   11    9    198    977    5
   22    1    386   1408    5
   22    1    205    975    6
   10    3     68    918    8
   22    1     51   1187    5
   28    3     47    981    5
   11    9    270    891    5
   15    7     68    733    4
   14   13    356    804    7
    5    1    261    948    9
   29    9    169   1015    7
   12    1    544   1073    9
    2    4    169    929    4
   11    9    538   1190    7
   17    9    497    804    7
   17    9    588   1302    7
    3    8    326   1254    6
    9   11    163    763    6
    2    4    382   1443    4
    4    2    512   1409    6
   19    9    489    793    8
   18   13    600   1337    7
   25    1    534   1319    5
   14   13    604   1116    5
   18   13    152   1404    7
    7   15    183   1181    4
   19    9    615   1400    6
    5    1    673   1186    7
   29    9    312   1073    4
   27    3    620   1367    9
   13   14    318   1103    9
    1   12    245   1366    5
    5    1    128   1437    6
   22    1     61    956    9
    2    4    506   1448    4
    7   15    618   1176    7
    7   15     52   1279    7
   15    7    131    967    9
   16    9    217    826    8
   15    7    186    870    8
   17    9    356   1217    6
    7   15    475   1299    4
   29    9    423    806    9
    4    2    405    955    5
    4    2    538   1032    4
    5    1     42   1137    8
    6    1    133   1044    8
   15    7    559   1178    5
    4    2    654   1325    7
   13   14    643   1193    8
    8    3     13    741    9
   14   13    506   1428    6
    7   15    496    823    4
   17    9    203   1381    5
    5    1    103   1134    6
   28    3    177    860    5
    1   12     25    955    9
   21    2    219   1179    8
   19    9    603   1065    7
    8    3    706   1135    4
   28    3    666   1040    9
   20    7    184   1131    4
   12    1    229    936    6
    8    3    500    904    4
   14   13    209    746    6
   10    3    234   1066    4
   27    3    656   1241    8
   27    3    384    964    7
   25    1    701   1354    8
   14   13    231   1208    8
   18   13     79   1023    4
    8    3    433   1145    5
    7   15    222   1421    4
   20    7    210   1097    4
   18   13    231   1216    8
   18   13    102   1109    9
   21    2    380    898    4
   13   14    224   1052    5
   25    1    165   1380    5
   13   14    155   1271    7
   17    9    229    984    7
   14   13    216   1002    5
   11    9    622   1134    6
    8    3    204    969    6
   21    2    557   1089    4
    7   15    433   1108    9
   17    9    489   1182    9
   13   14    589   1137    9
    1   12    427   1445    6
   23    1    203   1245    9
   28    3    602   1383    9
    3    8    504   1058    6
   22    1    238   1151    9
   29    9     84   1291    8
   29    9     66   1196    4
   26    9    181   1417    9
   22    1    149   1247    8
   26    9    293   1169    8
   11    9    346   1328    4
    8    3    111    972    4
   19    9    632   1017    6
   11    9    715   1434    5
    7   15     78   1311    6
   15    7    625   1203    7
    1   12     97   1101    7
   15    7    222   1197    7
    7   15     12   1031    6
    8    3    120   1122    7
   28    3    223   1052    9
   11    9    684   1328    6
   17    9    568   1304    6
   21    2    685   1031    7
   21    2    357   1356    9
   25    1    278    961    6
   28    3    102    837    6
   15    7    428   1159    8
    1   12     99   1187    9
   11    9     31    812    8
   22    1    402    922    7
   12    1    433    981    6
   12    1    147    947    4
   15    7    250    863    5
   11    9    373   1083    7
   26    9    164   1335    5
   21    2    350    978    4
   13   14    359   1212    9
   20    7     64    992    6
   22    1     61    899    8
   21    2    466    836    8
   19    9    157    935    6
   25    1    442   1022    8
   26    9     51   1438    7
   15    7    719   1206    9
   16    9    259   1087    4
   29    9    562   1334    7
    1   12    454    920    6
   20    7     44    975    8
   28    3    191   1087    6
    2    4     65    975    9
   13   14    609   1311    6
   20    7    322   1099    9
    1   12    313    977    7
   10    3    649   1344    4
   16    9    252   1145    7
   17    9    389   1230    9
    9   11    480    843    4
   21    2    373    956    8
    8    3     66    775    9
   18   13    195   1364    8
   23    1    212   1258    4
   28    3    627   1443    6
   27    3    248   1209    6
   22    1    294   1088    9
    2    4    595   1433    7
    5    1    617   1332    4
   12    1    651    907    9
   20    7    523    909    7
   27    3    563   1282    8
    8    3    681    952    6
   27    3    181    923    5
   12    1    283   1420    4
   22    1    505   1219    9
    9   11    394   1240    7
    6    1    283   1117    6
   29    9    183   1101    9
   11    9    711   1312    4
    9   11    563    809    5
   28    3    619   1166    8
   17    9    102   1286    9
   19    9    233   1347    5
   20    7    212   1378    7
   25    1     93   1219    4
   24    3    143    913    9
   29    9    168    920    5
    5    1    285   1381    9
   13   14    496    839    5
    2    4    134    797    6
   28    3    285    843    9
    9   11    115    749    5
   19    9    435   1083    5
    1   12    529   1309    9
    6    1    536   1201    9
   17    9    289    955    7
    2    4      1   1011    7
   22    1    293   1279    8
   10    3    119    796    9
   14   13    413   1176    8
   12    1    229   1257    7
   19    9    443   1156    6
    5    1     26   1332    4
   10    3    117   1248    8
    1   12    307    919    8
   23    1    496   1408    5
    4    2     56    900    6
   12    1    278   1014    9
    4    2    307   1444    5
   29    9    161    893    8
   19    9    661   1424    4
    5    1    218   1357    6
   21    2    149    961    8
   12    1    576   1238    4
   28    3    374    976    4
   12    1     59   1328    6
   25    1    249   1012    9
    7   15    485   1336    4
    2    4    513    924    8
    4    2    383    868    5
    9   11     46    903    9
   18   13    618   1331    5
    9   11    442   1083    9
   17    9    381   1439    5
   13   14    281   1231    9
   18   13    395    787    8
   16    9    714   1446    7
   29    9    112   1006    7
    3    8    401   1223    9
    9   11    510   1318    7
   15    7    618    740    8
    9   11    146    989    9
    2    4    159   1435    7
   16    9    210   1394    8
   12    1    234   1034    6
   12    1    696    811    5
   18   13    568    835    7
   15    7    548    790    7
   18   13    261    837    4
    7   15     91   1282    8
   25    1    703   1347    9
   12    1    711   1157    8
   10    3    181   1062    9
    5    1    221   1135    4
   27    3      9   1197    5
   14   13    102   1111    6
    9   11    534   1367    5
   14   13    174   1035    7
   20    7    495    977    9
   15    7     53    772    9
   11    9     63   1177    9
   12    1    336    901    9
   19    9    373   1217    4
   29    9    105   1441    5
   13   14    534   1009    9
   15    7    662   1010    7
    9   11    171   1057    8
   14   13    211   1092    7
   10    3    316   1011    5
   19    9    417   1415    5
   20    7     76    906    9
   14   13    680    943    8
   17    9    163   1434    8
    3    8    272    802    6
   14   13     71    769    9
   14   13    532   1347    8
   10    3    573   1375    5
   18   13    612   1263    8
   22    1    608   1291    7
   18   13    225   1116    8
    9   11    200    812    8
   13   14    320   1240    7
   28    3    291    989    5
    1   12    215    846    7
   18   13    478    899    9
   18   13    666   1077    4
   17    9    416   1416    9
   18   13     58   1271    6
    4    2    692   1093    7
   14   13    146   1153    6
    2    4    580   1391    8
    8    3    422   1291    7
    4    2    323   1150    7
   12    1    221    841    6
   23    1    299   1397    6
    2    4    215   1186    4
    3    8    515    971    4
   29    9    113   1226    4
    4    2    614   1221    8
    8    3    480   1146    8
   12    1    338   1375    5
    6    1    348   1402    5
    4    2    606   1171    9
    4    2    640   1312    8
   22    1     52   1118    9
    5    1    118   1379    8
   19    9     96   1343    8
   25    1    108   1393    6
   15    7    219    792    7
    9   11    659   1285    9
    1   12    614   1196    4
   13   14    380    836    4
   11    9     18   1314    7
   15    7    228   1055    8
   12    1     81   1429    7
   10    3    394   1378    7
    8    3    495    743    5
   19    9    260   1197    5
   14   13     32   1310    5
    8    3    381   1127    9
   11    9     61   1261    7
    4    2    529   1048    7
    3    8    546   1409    9
   14   13     63    916    6
   10    3    494    865    9
   24    3    191    765    6
   22    1    107   1042    5
    1   12    278   1241    6
   24    3    158    760    6
    7   15    484   1396    4
   15    7     43   1047    7
   10    3    353   1013    7
    3    8    124   1223    8
    3    8    231   1176    4
   15    7    327   1406    7
   18   13    146   1019    6
    9   11    390   1348    6
    4    2     81   1417    4
   20    7    289   1210    8
   20    7     27   1378    9
   18   13    615   1126    6
   11    9    110    916    8
   24    3    651   1437    9
   21    2    468   1038    8
   21    2    691   1421    5
   13   14    612   1442    6
   15    7    126    744    4
   20    7    189    958    8
    2    4    343   1223    7
   28    3    324   1282    8
   20    7    589   1142    6
   14   13    146    947    4
   27    3     66   1294    9
   29    9     59   1417    5
   12    1    563   1046    6
   24    3     54   1341    4
   19    9     64    764    6
   14   13    205    847    4
   12    1    175   1008    9
   18   13    433   1280    8
    6    1    282   1415    7
   10    3    268   1210    9
   20    7    632    884    7
   10    3    466   1224    7
    7   15    447    974    5
   10    3    347   1439    4
   19    9    696    935    9
    8    3     71    984    8
   26    9    567   1410    6
   22    1    395   1395    4
   13   14    282    841    9
   23    1    119   1359    7
   13   14    310    942    9
    7   15    370   1105    4
    8    3    245    752    9
    2    4    616   1001    7
   25    1    267   1391    4
   10    3    503   1160    6
    9   11     83    853    8
   11    9    646   1390    6
   13   14    409   1250    9
    2    4    416   1432    8
   28    3     32   1087    8
   14   13    239   1387    7
    4    2    628   1426    8
    2    4    373   1230    7
   21    2    325   1107    6
   24    3    531   1385    4
   28    3    455   1291    8
   13   14    294   1008    5
   25    1    101   1222    4
   18   13    131   1272    5
   19    9    292    958    6
    4    2    376   1225    7
    4    2     86    993    9
   13   14    566    959    8
    4    2    475   1442    4
   19    9    463    994    7
   19    9     60   1235    9
    1   12    151    831    6
   20    7    704   1052    6
    7   15    222   1319    9
    1   12    109   1089    9
    2    4    696   1384    9
   12    1    553   1118    9
   22    1     51    916    7
    1   12    360   1211    9
    3    8    246    738    9
   14   13    440   1266    5
    3    8    440    952    8
   13   14    461   1190    5
    4    2    123   1160    5
   19    9    158   1263    9
   28    3    343   1407    6
   12    1    228    858    8
   10    3    616   1307    5
   18   13    271    951    5
    7   15     92    930    5
   28    3     17   1096    8
    8    3    613   1214    7
   18   13     13    963    9
   24    3    479   1362    4
   18   13    237   1326    6
   18   13    178   1244    4
   13   14    574   1441    7
   19    9    262    976    6
    8    3    334   1147    8
    8    3    131    875    5
    7   15    151    794    8
   12    1    427   1449    5
    2    4    373    856    7
    3    8    520   1357    8
   25    1     18   1346    9
   25    1     52   1207    8
   10    3    640   1382    5
   10    3    273   1286    8
    2    4    676   1257    8
   19    9    491   1056    6
   28    3    450   1223    5
    1   12    489   1038    8
    3    8    143   1178    6
    7   15    408   1023    8
    9   11    443   1333    8
   19    9    416    762    7
   19    9    431    949    8
    7   15    250   1035    6
    3    8    498   1408    9
   25    1     85   1169    9
   21    2     14   1307    6
   13   14     94    766    8
   28    3     15    892    9
    2    4    384    914    4
    9   11    118    792    6
    1   12     16   1038    7
   18   13    306   1401    8
    2    4    114   1240    8
   18   13    714   1212    5
    4    2     48    854    9
   28    3    611   1208    8
    3    8    266   1321    4
    1   12    257   1127    6
    8    3    205   1223    5
   15    7    327    885    6
   13   14     35   1338    9
   12    1    118    841    6
   18   13    255    846    5
   19    9    310   1030    7
   20    7    172   1006    5
   21    2    633   1392    8
    2    4    494   1344    4
    3    8    325   1396    9
    7   15    488    904    8
    2    4    184   1316    6
    9   11     16   1076    7
   14   13    415   1152    9
   15    7    176   1425    9
    4    2    303   1371    9
    4    2    562   1317    7
   13   14    184   1110    5
    4    2    184   1265    4
   13   14    593   1273    6
    1   12    400    963    6
   13   14    169    832    6
   15    7    657   1226    8
   15    7    259   1076    4
   15    7    614   1113    6
   27    3    258   1440    6
   13   14    595   1368    5
    1   12    531   1108    9
    3    8    240   1398    7
   13   14    231   1080    4
   18   13     10   1300    6
   20    7    174   1222    9
   13   14     51   1365    7
    3    8    181   1310    9
   19    9    417   1346    4
   13   14    201   1408    9
   13   14    601   1013    8
   15    7    446   1117    9
   14   13     80    933    4
   11    9    475   1443    4
   28    3     69    976    6
    9   11    182   1405    5
   20    7    231   1449    4
   15    7    653   1210    8
   25    1    119   1272    9
    2    4    523   1136    7
   10    3     91    950    8
   15    7    648   1326    5
    9   11    320   1376    5
   19    9     71   1302    5
    8    3      1   1214    6
    3    8    104    780    6
    7   15    357   1232    8
    2    4    499   1249    4
   11    9     35   1386    9
   12    1    534   1392    6
    3    8    359    969    5
    3    8    123   1123    9
    2    4    186    922    4
    3    8    176   1210    8
   15    7    621   1316    6
   21    2    299   1231    9
   25    1     73    928    8
   13   14    662   1219    6
   21    2    284    948    7
   15    7    716   1226    6
   13   14     28    972    5
   18   13    482   1332    7
   25    1     65    762    4
    7   15    707   1233    4
   28    3    281   1407    6
   15    7    177   1067    8
    1   12    488   1402    8
    2    4    460   1230    4
   15    7    353   1205    9
   10    3    214   1205    4
   15    7    114    911    4
    1   12    691   1318    8
   28    3    334   1404    8
   12    1    409   1223    7
   13   14    691   1104    8
   19    9    111    897    4
   14   13    317   1160    8
    7   15    537   1102    8
   14   13    552   1345    7
    1   12    112   1241    4
   28    3    130    996    8
   13   14    623   1269    9
   19    9    281   1132    8
   19    9    160   1288    6
    1   12     11   1310    5
    1   12    307   1253    4
    3    8    202    854    4
   18   13    146   1363    8
   15    7    169   1254    5
    8    3    123    943    4
   20    7     76   1292    9
   21    2    525   1220    4
    3    8     64   1182    5
   17    9    129    863    6
   18   13    225   1006    4
   21    2     83   1020    6
   15    7    146   1203    5
    3    8    276   1072    7
   19    9    585   1287    7
   18   13    391   1421    8
   13   14    224   1421    4
   28    3    126   1025    5
   13   14    434   1129    6
    9   11    356   1369    7
   13   14    147   1245    4
   15    7    472   1158    9
   18   13    355   1394    5
    6    1    246   1442    8
   13   14     47    983    8
    2    4    439   1186    9
   21    2    559   1265    8
   14   13    646   1371    7
    2    4    406    806    4
   20    7    573   1316    6
   14   13    402   1354    7
   20    7    235   1340    5
   19    9     27    848    4
   13   14    346   1152    8
    4    2    390   1358    7
   17    9     26   1395    4
   14   13    651   1343    8
   28    3    102    936    9
   21    2    573   1343    5
    7   15    116   1269    8
   13   14     75   1103    4
    2    4    151   1092    5
   12    1    444   1212    4
    7   15    245    989    8
   15    7     15   1204    5
   12    1     86   1263    6
   15    7     52    756    4
   20    7    142   1295    4
   18   13    126   1023    6
   17    9      3   1132    6
   18   13     33   1185    8
   11    9     64    925    7
    3    8     82    901    5
   18   13     83   1358    5
    3    8    289    991    7
    9   11    416   1420    8
    3    8    379   1433    7
    1   12    312   1406    8
   14   13     20    833    4
    7   15    360   1163    6
   12    1    599   1266    8
   19    9     10   1390    8
   19    9     33   1129    4
    4    2    684   1323    4
    3    8    230    963    8
    3    8    212   1125    6
   20    7    575   1259    4
   19    9    471   1224    5
    2    4    198   1355    4
   21    2    546   1426    4
   13   14    236   1390    6
    2    4    358   1030    9
   19    9    475   1245    6
   15    7    438   1413    4
    3    8     74   1004    7
   14   13    502   1303    8
    3    8    216   1020    7
   14   13    115    838    4
   13   14    181    888    8
    4    2    480   1387    6
    7   15    140   1320    6
    7   15    585   1197    7
   13   14    210    932    7
    3    8    354   1293    8
   12    1     25   1131    5
   23    1     33   1441    4
   14   13    160   1436    7
    2    4     93   1028    7
   28    3    490   1406    6
   20    7    563   1401    8
    2    4    218   1214    5
   21    2    476   1290    7
   20    7    379   1340    4
    2    4     82   1022    6
   19    9    576   1336    7
   17    9    492   1449    8
    9   11    362   1346    5
   28    3    643   1403    4
   21    2    276   1445    9
    7   15    355   1431    8
    9   11    511   1268    4
    3    8    123   1320    5
   12    1     59   1420    5
   25    1    654   1446    4
   18   13     92    795    4
   17    9     70   1001    4
    3    8    695   1294    6
   13   14    128   1014    9
   13   14    249   1390    6
   13   14    273    958    4
    7   15    484   1230    4
   24    3    412   1448    6
    7   15    141   1041    7
    7   15    674   1423    5
    7   15     79    985    4
    4    2    142    963    6
   19    9    265   1347    8
    7   15     89   1209    9
    3    8    513   1414    5
    4    2    273   1367    4
    2    4    257   1107    9
    2    4    187   1049    9
   12    1     69   1101    4
   12    1    411   1383    5
   17    9      3    926    5
   13   14    610   1235    4
   28    3    719   1428    7
   14   13    424   1407    8
    7   15     95    843    4
    4    2    668   1395    4
    7   15    684   1397    4
    7   15    331    922    6
    7   15     23   1039    7
   13   14    298   1277    8
    7   15    160   1253    8
    9   11     41   1229    7
   19    9    328   1414    4
   13   14    176   1285    9
   21    2    219    905    5
    7   15    687   1189    8
   10    3    539   1437    5
    8    3    277   1445    9
    2    4    696   1335    4
    1   12    382   1331    4
    7   15     75   1406    8
    7   15    556   1373    4
   13   14    181   1356    9
   20    7    438   1355    7
    1   12     47   1330    7
    7   15    511   1300    6
   20    7    688   1360    6
    2    4    620   1390    5
    4    2     55   1136    6
   13   14      9   1202    9
    3    8    108    960    7
   15    7    272   1325    8
   21    2    169   1449    9
    7   15    252   1377    4
    4    2    355   1344    6
    2    4    363   1332    6
    3    8    138   1043    6
   18   13    182   1435    8
   20    7    568   1416    7
    7   15    417   1430    7
   20    7    237   1442    6
   13   14    416   1359    9
   19    9     45   1356    4
   14   13    217   1392    4
   21    2     87    739    7
    2    4    479   1241    9
   21    2     73   1090    4
    4    2    594   1435    6
    7   15     42   1070    6
   13   14    554   1294    9
    7   15    581   1419    4
    7   15     27    785    6
    3    8     80   1244    8
    2    4    565   1184    7
   13   14    363   1315    4
   12    1    441   1411    7
    2    4    228   1369    4
    7   15    658   1309    7
    3    8    694   1341    7
    4    2    597   1440    5
    3    8    102    951    4
    7   15    621   1311    4
    1   12     10   1378    6
   17    9    108    965    5
    2    4    718   1360    5
   13   14    155   1337    4
    7   15     75   1061    8
    3    8    409   1404    5
   27    3    379   1448    8
    7   15     60   1045    5
   14   13    526   1439    6
    2    4    445   1191    4
    1   12    406   1342    4
   19    9    552   1408    5
    3    8    363   1375    6
   12    1    405   1373    6
   21    2     58   1103    9
    4    2    688   1440    9
   21    2     66   1403    5
    2    4     43   1185    8
    2    4    334   1340    8
    7   15     66   1189    4
   12    1    288   1330    7
    7   15     92   1427    4
   13   14    419   1282    4
    3    8    133   1370    4
    2    4    138   1242    6
   10    3     30   1436    5
   21    2     82    972    5
    2    4    402   1439    6
   20    7    266   1406    5
   15    7    515   1418    6
    7   15    400   1322    9
    3    8     84    769    8
   12    1    252   1331    4
    2    4    701   1415    8
   22    1    673   1448    4
    2    4    120   1346    7
   24    3    138   1447    4
    7   15    111   1312    9
   18   13     77   1404    4
   13   14    615   1423    5
    3    8    395   1430    4
   15    7    321   1409    4
   12    1    211   1441    5
   28    3    621   1419    5
    3    8     94   1355    5
    7   15      5   1439    4
    7   15     10   1395    5
   19    9    394   1367    4
   13   14    240   1429    5
   13   14    118   1443    6
    7   15    288   1359    4
    3    8    117   1426    5
    3    8    167   1431    4
    3    8    139   1412    4
    5    1    510   1439    5
    3    8    206   1440    7
   13   14    123   1433    5
   13   14    504   1446    8
    3    8    102   1438    8
    7   15    158   1438    5

5